-3.767001960784314
-0.002296078431372701
0.46829215686274495
0.7035862745098038
0.8800568627450979
0.9977039215686273
1.1153509803921566
1.1741745098039214
1.232998039215686
1.2918215686274508
1.3506450980392155
1.4094686274509802
1.468292156862745
1.468292156862745
1.5271156862745097
1.5271156862745097
1.5859392156862744
1.5859392156862744
1.644762745098039
1.644762745098039
1.644762745098039
1.7035862745098038
1.7035862745098038
1.7624098039215685
1.7624098039215685
1.7624098039215685
1.7624098039215685
1.8212333333333333
1.8212333333333333
1.8212333333333333
1.8212333333333333
1.880056862745098
1.880056862745098
1.880056862745098
1.880056862745098
1.880056862745098
1.9388803921568627
1.9388803921568627
1.9388803921568627
1.9388803921568627
1.9388803921568627
1.9388803921568627
1.9977039215686272
1.9977039215686272
1.9977039215686272
1.9977039215686272
1.9977039215686272
1.9977039215686272
1.9977039215686272
2.056527450980392
2.056527450980392
2.056527450980392
2.056527450980392
2.056527450980392
2.056527450980392
2.056527450980392
2.056527450980392
2.056527450980392
2.1153509803921566
2.1153509803921566
2.1153509803921566
2.1153509803921566
2.1153509803921566
2.1153509803921566
2.1153509803921566
2.1153509803921566
2.1153509803921566
2.1153509803921566
2.1153509803921566
2.1741745098039216
2.1741745098039216
2.1741745098039216
2.1741745098039216
2.1741745098039216
2.1741745098039216
2.1741745098039216
2.1741745098039216
2.1741745098039216
2.1741745098039216
2.1741745098039216
2.1741745098039216
2.1741745098039216
2.1741745098039216
2.232998039215686
2.232998039215686
2.232998039215686
2.232998039215686
2.232998039215686
2.232998039215686
2.232998039215686
2.232998039215686
2.232998039215686
2.232998039215686
2.232998039215686
2.232998039215686
2.232998039215686
2.232998039215686
2.232998039215686
2.232998039215686
